[ ]{0:LDARGS}
[ 0 ]{1:CALL 0 5}
[ 0 4 -999 ]{5:INCSP 1}
[ 0 4 -999 0 ]{7:GETBP}
[ 0 4 -999 0 3 ]{8:CSTI 0}
[ 0 4 -999 0 3 0 ]{10:ADD}
[ 0 4 -999 0 3 ]{11:CSTI 3}
[ 0 4 -999 0 3 3 ]{13:STI}
[ 0 4 -999 3 3 ]{14:INCSP -1}
[ 0 4 -999 3 ]{16:GETBP}
[ 0 4 -999 3 3 ]{17:CSTI 0}
[ 0 4 -999 3 3 0 ]{19:ADD}
[ 0 4 -999 3 3 ]{20:DUP}
[ 0 4 -999 3 3 3 ]{21:LDI}
[ 0 4 -999 3 3 3 ]{22:CSTI 1}
[ 0 4 -999 3 3 3 1 ]{24:ADD}
[ 0 4 -999 3 3 4 ]{25:STI}
[ 0 4 -999 4 4 ]{26:INCSP -1}
[ 0 4 -999 4 ]{28:GETBP}
[ 0 4 -999 4 3 ]{29:CSTI 0}
[ 0 4 -999 4 3 0 ]{31:ADD}
[ 0 4 -999 4 3 ]{32:LDI}
[ 0 4 -999 4 4 ]{33:PRINTI}
4 [ 0 4 -999 4 4 ]{34:INCSP -1}
[ 0 4 -999 4 ]{36:GETBP}
[ 0 4 -999 4 3 ]{37:CSTI 0}
[ 0 4 -999 4 3 0 ]{39:ADD}
[ 0 4 -999 4 3 ]{40:DUP}
[ 0 4 -999 4 3 3 ]{41:LDI}
[ 0 4 -999 4 3 4 ]{42:CSTI 1}
[ 0 4 -999 4 3 4 1 ]{44:SUB}
[ 0 4 -999 4 3 3 ]{45:STI}
[ 0 4 -999 3 3 ]{46:INCSP -1}
[ 0 4 -999 3 ]{48:GETBP}
[ 0 4 -999 3 3 ]{49:CSTI 0}
[ 0 4 -999 3 3 0 ]{51:ADD}
[ 0 4 -999 3 3 ]{52:LDI}
[ 0 4 -999 3 3 ]{53:PRINTI}
3 [ 0 4 -999 3 3 ]{54:INCSP -1}
[ 0 4 -999 3 ]{56:GETBP}
[ 0 4 -999 3 3 ]{57:CSTI 0}
[ 0 4 -999 3 3 0 ]{59:ADD}
[ 0 4 -999 3 3 ]{60:DUP}
[ 0 4 -999 3 3 3 ]{61:LDI}
[ 0 4 -999 3 3 3 ]{62:CSTI 2}
[ 0 4 -999 3 3 3 2 ]{64:MUL}
[ 0 4 -999 3 3 6 ]{65:STI}
[ 0 4 -999 6 6 ]{66:INCSP -1}
6 [ 0 4 -999 6 6 ]{74:INCSP -1}
[ 0 4 -999 6 ]{76:GETBP}
[ 0 4 -999 6 3 ]{77:CSTI 0}
[ 0 4 -999 6 3 0 ]{79:ADD}
[ 0 4 -999 6 3 ]{80:GETBP}
[ 0 4 -999 6 3 3 ]{81:CSTI 0}
[ 0 4 -999 6 3 3 0 ]{83:ADD}
[ 0 4 -999 6 3 3 ]{84:LDI}
[ 0 4 -999 6 3 6 ]{85:CSTI 2}
[ 0 4 -999 6 3 6 2 ]{87:DIV}
[ 0 4 -999 6 3 3 ]{88:STI}
[ 0 4 -999 3 3 ]{89:INCSP -1}
[ 0 4 -999 3 ]{91:GETBP}
[ 0 4 -999 3 3 ]{92:CSTI 0}
[ 0 4 -999 3 3 0 ]{94:ADD}
[ 0 -999 ]{4:STOP}