[ ]{0: LDARGS}                  main 命令行参数
[ ]{1: CALL 0 48}               调用参数0个，位置在48
[ 4 -999 ]{48: INCSP 1}         块入口
[ 4 -999 0 ]{50: GETBP}         当前栈帧基地址 50
[ 4 -999 0 2 ]{51: CSTI 0}      0入栈
[ 4 -999 0 2 0 ]{53: ADD}
[ 4 -999 0 2 ]{54: CSTI 4}
[ 4 -999 0 2 4 ]{56: STI}      当前sp在下标48，sp-1为3，把下标3的值赋为0，并把
                                                  sp-1的位置赋为0 
[ 4 -999 4 4 ]{57: INCSP -1}
[ 4 -999 4 ]{59: GETBP}
[ 4 -999 4 2 ]{60: CSTI 0}
[ 4 -999 4 2 0 ]{62: ADD}
[ 4 -999 4 2 ]{63: LDI}
[ 4 -999 4 4 ]{64: CALL 1 5}
[ 4 -999 4 67 2 4 ]{5: GETBP}
[ 4 -999 4 67 2 4 5 ]{6: CSTI 0}
[ 4 -999 4 67 2 4 5 0 ]{8: ADD}
[ 4 -999 4 67 2 4 5 ]{9: LDI}
[ 4 -999 4 67 2 4 4 ]{10: CSTI 1}
[ 4 -999 4 67 2 4 4 1 ]{12: EQ}
[ 4 -999 4 67 2 4 0 ]{13: IFZERO 23}
[ 4 -999 4 67 2 4 ]{23: GETBP}
[ 4 -999 4 67 2 4 5 ]{24: CSTI 0}
[ 4 -999 4 67 2 4 5 0 ]{26: ADD}
[ 4 -999 4 67 2 4 5 ]{27: LDI}
[ 4 -999 4 67 2 4 4 ]{28: GETBP}
[ 4 -999 4 67 2 4 4 5 ]{29: CSTI 0}
[ 4 -999 4 67 2 4 4 5 0 ]{31: ADD}
[ 4 -999 4 67 2 4 4 5 ]{32: LDI}
[ 4 -999 4 67 2 4 4 4 ]{33: CSTI 1}
[ 4 -999 4 67 2 4 4 4 1 ]{35: SUB}
[ 4 -999 4 67 2 4 4 3 ]{36: CALL 1 5}
[ 4 -999 4 67 2 4 4 39 5 3 ]{5: GETBP}
[ 4 -999 4 67 2 4 4 39 5 3 9 ]{6: CSTI 0}
[ 4 -999 4 67 2 4 4 39 5 3 9 0 ]{8: ADD}
[ 4 -999 4 67 2 4 4 39 5 3 9 ]{9: LDI}
[ 4 -999 4 67 2 4 4 39 5 3 3 ]{10: CSTI 1}
[ 4 -999 4 67 2 4 4 39 5 3 3 1 ]{12: EQ}
[ 4 -999 4 67 2 4 4 39 5 3 0 ]{13: IFZERO 23}
[ 4 -999 4 67 2 4 4 39 5 3 ]{23: GETBP}
[ 4 -999 4 67 2 4 4 39 5 3 9 ]{24: CSTI 0}
[ 4 -999 4 67 2 4 4 39 5 3 9 0 ]{26: ADD}
[ 4 -999 4 67 2 4 4 39 5 3 9 ]{27: LDI}
[ 4 -999 4 67 2 4 4 39 5 3 3 ]{28: GETBP}
[ 4 -999 4 67 2 4 4 39 5 3 3 9 ]{29: CSTI 0}
[ 4 -999 4 67 2 4 4 39 5 3 3 9 0 ]{31: ADD}
[ 4 -999 4 67 2 4 4 39 5 3 3 9 ]{32: LDI}
[ 4 -999 4 67 2 4 4 39 5 3 3 3 ]{33: CSTI 1}
[ 4 -999 4 67 2 4 4 39 5 3 3 3 1 ]{35: SUB}
[ 4 -999 4 67 2 4 4 39 5 3 3 2 ]{36: CALL 1 5}
[ 4 -999 4 67 2 4 4 39 5 3 3 39 9 2 ]{5: GETBP}
[ 4 -999 4 67 2 4 4 39 5 3 3 39 9 2 13 ]{6: CSTI 0}
[ 4 -999 4 67 2 4 4 39 5 3 3 39 9 2 13 0 ]{8: ADD}
[ 4 -999 4 67 2 4 4 39 5 3 3 39 9 2 13 ]{9: LDI}
[ 4 -999 4 67 2 4 4 39 5 3 3 39 9 2 2 ]{10: CSTI 1}
[ 4 -999 4 67 2 4 4 39 5 3 3 39 9 2 2 1 ]{12: EQ}
[ 4 -999 4 67 2 4 4 39 5 3 3 39 9 2 0 ]{13: IFZERO 23}
[ 4 -999 4 67 2 4 4 39 5 3 3 39 9 2 ]{23: GETBP}
[ 4 -999 4 67 2 4 4 39 5 3 3 39 9 2 13 ]{24: CSTI 0}
[ 4 -999 4 67 2 4 4 39 5 3 3 39 9 2 13 0 ]{26: ADD}
[ 4 -999 4 67 2 4 4 39 5 3 3 39 9 2 13 ]{27: LDI}
[ 4 -999 4 67 2 4 4 39 5 3 3 39 9 2 2 ]{28: GETBP}
[ 4 -999 4 67 2 4 4 39 5 3 3 39 9 2 2 13 ]{29: CSTI 0}
[ 4 -999 4 67 2 4 4 39 5 3 3 39 9 2 2 13 0 ]{31: ADD}
[ 4 -999 4 67 2 4 4 39 5 3 3 39 9 2 2 13 ]{32: LDI}
[ 4 -999 4 67 2 4 4 39 5 3 3 39 9 2 2 2 ]{33: CSTI 1}
[ 4 -999 4 67 2 4 4 39 5 3 3 39 9 2 2 2 1 ]{35: SUB}
[ 4 -999 4 67 2 4 4 39 5 3 3 39 9 2 2 1 ]{36: CALL 1 5}
[ 4 -999 4 67 2 4 4 39 5 3 3 39 9 2 2 39 13 1 ]{5: GETBP}
[ 4 -999 4 67 2 4 4 39 5 3 3 39 9 2 2 39 13 1 17 ]{6: CSTI 0}
[ 4 -999 4 67 2 4 24 ]{40: RET 1}
[ 4 -999 4 24 ]{67: PRINTI}
24 [ 4 -999 4 24 ]{68: INCSP -1}
[ 4 -999 4 ]{70: GETBP}
[ 4 -999 4 2 ]{71: CSTI 0}
[ 4 -999 4 2 0 ]{73: ADD}
[ 4 -999 4 2 ]{74: LDI}
[ 4 -999 4 4 ]{75: PRINTI}
4 [ 4 -999 4 4 ]{76: INCSP -1}
[ 4 -999 4 ]{78: INCSP -1}
[ 4 -999 ]{80: RET -1}
[ -999 ]{4: STOP}